8303 8295 8320 8301 8309 8306 8310 8299 8313 8299 8308 8306 8295 8316 8303 8298 8295 8314 8295 8308 8300 8316 8299 8312 8314 8299 8313 8320 8309 8308 8309 8313 8299 8240
8301 8309 8306 8310 8299 8313 8297 8309 8307 8309 8298 8299 8306 8309 8298 8303 8309 8298 8299 8298 8303 8309 8313 8297 8309 8307 8309 8313 8303 8295 8308 8314 8299 8299 8306 8306 8309 8313 8240
8306 8295 8312 8299 8313 8295 8297 8295 8298 8299 8314 8309 8298 8309 8306 8309 8313 8316 8300 8312 8303 8298 8309 8240
8313 8299 8299 8307 8310 8309 8320 8295 8312 8295 8299 8308 8299 8306 8295 8306 8307 8295 8320 8309 8308 8309 8313 8299 8240
8240
8313 8309 8308 8310 8309 8297 8309 8313 8310 8299 8312 8309 8313 8309 8308 8295 8296 8312 8299 8308 8320 8295 8308 8303 8295 8313 8309 8313 8297 8316 8312 8295 8313 8240
8299 8308 8299 8306 8312 8309 8313 8314 8312 8309 8307 8295 8313 8300 8303 8299 8312 8309 8320 8299 8308 8299 8306 8306 8309 8307 8309 8307 8295 8313 8300 8316 8299 8312 8314 8299 8240
8313 8299 8312 8295 8308 8314 8295 8306 8316 8299 8320 8306 8309 8313 8310 8309 8314 8312 8309 8313 8298 8299 8296 8295 8312 8296 8295 8312 8309 8313 8295 8314 8303 8306 8295 8313 8240
8309 8306 8309 8313 8303 8299 8312 8295 8306 8298 8309 8313 8308 8299 8301 8312 8309 8313 8311 8316 8299 8308 8309 8313 8307 8295 8308 8298 8295 8306 8295 8307 8316 8299 8312 8314 8299 8240
8240
8313 8309 8308 8306 8295 8313 8297 8295 8303 8298 8295 8313 8303 8309 8308 8298 8295 8313 8298 8299 8306 8309 8313 8297 8312 8303 8313 8314 8309 8313 8298 8299 8306 8295 8306 8307 8295 8240
8298 8299 8295 8306 8301 8316 8308 8295 8300 8299 8295 8298 8309 8312 8295 8296 8306 8299 8311 8316 8299 8299 8306 8298 8299 8313 8314 8303 8308 8309 8296 8306 8295 8313 8300 8299 8307 8295 8240
8299 8313 8309 8313 8301 8309 8306 8310 8299 8313 8313 8295 8308 8301 8312 8303 8299 8308 8314 8309 8313 8313 8309 8308 8306 8295 8313 8297 8312 8299 8310 8303 8314 8295 8297 8303 8309 8308 8299 8313 8240
8298 8299 8295 8306 8301 8315 8308 8310 8295 8308 8311 8316 8299 8299 8308 8306 8295 8310 8316 8299 8312 8314 8295 8298 8299 8306 8303 8309 8312 8308 8309 8313 8299 8308 8309 8313 8311 8316 8299 8307 8295 8240
8240
8320 8299 8306 8303 8309 8307 8296 8312 8299 8310 8309 8296 8312 8299 8310 8309 8296 8312 8299 8316 8316 8299 8306 8316 8299 8306 8309 8313 8309 8303 8309 8313 8297 8309 8307 8309 8240
8297 8316 8295 8308 8298 8309 8310 8309 8312 8313 8309 8296 8312 8299 8299 8306 8303 8309 8307 8296 8312 8309 8308 8309 8313 8306 8306 8295 8307 8295 8316 8308 8295 8310 8295 8306 8307 8295 8298 8295 8240
8316 8316 8299 8306 8316 8299 8306 8309 8313 8309 8303 8309 8313 8306 8309 8297 8309 8313 8320 8314 8309 8298 8309 8306 8309 8316 8303 8316 8303 8298 8309 8240
8313 8299 8299 8307 8310 8309 8320 8295 8297 8309 8307 8309 8297 8303 8295 8312 8297 8309 8298 8299 8297 8316 8306 8310 8295 8299 8308 8306 8295 8307 8303 8312 8295 8298 8295 8240
8240
8303 8295 8320 8301 8309 8306 8310 8299 8313 8299 8308 8306 8295 8316 8303 8298 8295 8314 8295 8308 8300 8316 8299 8312 8314 8299 8313 8320 8309 8308 8309 8313 8299
