73 65 90 71 79 76 80 69 83 69 78 76 65 86 73 68 65 84 65 78 70 86 69 82 84 69 83 90 79 78 79 83 69 10
71 79 76 80 69 83 67 79 77 79 68 69 76 79 68 73 79 68 69 68 73 79 83 67 79 77 79 83 73 65 78 84 69 69 76 76 79 83 10
76 65 82 69 83 65 67 65 68 69 84 79 68 79 76 79 83 86 70 82 73 68 79 10
83 69 69 77 80 79 90 65 82 65 69 78 69 76 65 76 77 65 90 79 78 79 83 69 10
10
83 79 78 80 79 67 79 83 80 69 82 79 83 79 78 65 66 82 69 78 90 65 78 73 65 83 79 83 67 86 82 65 83 10
69 78 69 76 82 79 83 84 82 79 77 65 83 70 73 69 82 79 90 69 78 69 76 76 79 77 79 77 65 83 70 86 69 82 84 69 10
83 69 82 65 78 84 65 76 86 69 90 76 79 83 80 79 84 82 79 83 68 69 66 65 82 66 65 82 79 83 65 84 73 76 65 83 10
79 76 79 83 73 69 82 65 76 68 79 83 78 69 71 82 79 83 81 86 69 78 79 83 77 65 78 68 65 76 65 77 86 69 82 84 69 10
10
83 79 78 76 65 83 67 65 73 68 65 83 73 79 78 68 65 83 68 69 76 79 83 67 82 73 83 84 79 83 68 69 76 65 76 77 65 10
68 69 65 76 71 86 78 65 70 69 65 68 79 82 65 66 76 69 81 86 69 69 76 68 69 83 84 73 78 79 66 76 65 83 70 69 77 65 10
69 83 79 83 71 79 76 80 69 83 83 65 78 71 82 73 69 78 84 79 83 83 79 78 76 65 83 67 82 69 80 73 84 65 67 73 79 78 69 83 10
68 69 65 76 71 85 78 80 65 78 81 86 69 69 78 76 65 80 86 69 82 84 65 68 69 76 73 79 82 78 79 83 69 78 79 83 81 86 69 77 65 10
10
90 69 76 73 79 77 66 82 69 80 79 66 82 69 80 79 66 82 69 86 86 69 76 86 69 76 79 83 79 73 79 83 67 79 77 79 10
67 86 65 78 68 79 80 79 82 83 79 66 82 69 69 76 73 79 77 66 82 79 78 79 83 76 76 65 77 65 86 78 65 80 65 76 77 65 68 65 10
86 86 69 76 86 69 76 79 83 79 73 79 83 76 79 67 79 83 90 84 79 68 79 76 79 86 73 86 73 68 79 10
83 69 69 77 80 79 90 65 67 79 77 79 67 73 65 82 67 79 68 69 67 86 76 80 65 69 78 76 65 77 73 82 65 68 65 10
10
73 65 90 71 79 76 80 69 83 69 78 76 65 86 73 68 65 84 65 78 70 86 69 82 84 69 83 90 79 78 79 83 69
